TRANSMITPACKET,74,40,640.000000,3488.000000,App3_SENSOR_APP-1,0,
TRANSMITPACKET,60,52,3840.000000,6688.000000,App2_SENSOR_APP-1,0,
TRANSMITPACKET,52,101,7648.000000,10496.000000,App2_SENSOR_APP-1,0,
TRANSMITPACKET,40,101,10976.000000,13824.000000,App3_SENSOR_APP-1,0,
TRANSMITPACKET,50,39,15168.000000,18016.000000,App1_SENSOR_APP-1,0,
TRANSMITPACKET,39,101,20896.000000,23744.000000,App1_SENSOR_APP-1,1,
TRANSMITPACKET,68,65,20928.000000,23776.000000,App4_SENSOR_APP-1,1,
TRANSMITPACKET,19,52,24128.000000,26976.000000,App5_SENSOR_APP-1,0,
TRANSMITPACKET,52,101,28576.000000,31424.000000,App5_SENSOR_APP-1,0,
TRANSMITPACKET,60,52,1000640.000000,1003488.000000,App2_SENSOR_APP-2,1,
TRANSMITPACKET,68,65,1000640.000000,1003488.000000,App4_SENSOR_APP-2,1,
TRANSMITPACKET,19,52,1003968.000000,1006816.000000,App5_SENSOR_APP-2,0,
TRANSMITPACKET,52,101,1007456.000000,1010304.000000,App5_SENSOR_APP-2,0,
TRANSMITPACKET,50,39,1013760.000000,1016608.000000,App1_SENSOR_APP-2,1,
TRANSMITPACKET,35,52,1013888.000000,1016736.000000,App6_SENSOR_APP-2,1,
TRANSMITPACKET,74,40,1020160.000000,1023008.000000,App3_SENSOR_APP-2,0,
TRANSMITPACKET,40,101,1025248.000000,1028096.000000,App3_SENSOR_APP-2,0,
TRANSMITPACKET,74,40,2000640.000000,2003488.000000,App3_SENSOR_APP-3,0,
TRANSMITPACKET,60,52,2003840.000000,2006688.000000,App2_SENSOR_APP-3,0,
TRANSMITPACKET,52,101,2008288.000000,2011136.000000,App2_SENSOR_APP-3,0,
TRANSMITPACKET,68,65,2011648.000000,2014496.000000,App4_SENSOR_APP-3,0,
TRANSMITPACKET,65,101,2015136.000000,2017984.000000,App4_SENSOR_APP-3,0,
TRANSMITPACKET,40,101,2019168.000000,2022016.000000,App3_SENSOR_APP-3,0,
TRANSMITPACKET,35,52,3000960.000000,3003808.000000,App6_SENSOR_APP-4,0,
TRANSMITPACKET,19,52,3004160.000000,3007008.000000,App5_SENSOR_APP-4,0,
TRANSMITPACKET,52,101,3007329.000000,3010177.000000,App6_SENSOR_APP-4,0,
TRANSMITPACKET,52,101,3011138.000000,3013986.000000,App5_SENSOR_APP-4,0,
TRANSMITPACKET,60,52,3015040.000000,3017888.000000,App2_SENSOR_APP-4,0,
TRANSMITPACKET,52,101,3020448.000000,3023296.000000,App2_SENSOR_APP-4,0,
TRANSMITPACKET,50,39,3027840.000000,3030688.000000,App1_SENSOR_APP-4,0,
TRANSMITPACKET,39,101,3032928.000000,3035776.000000,App1_SENSOR_APP-4,0,
TRANSMITPACKET,74,40,4000960.000000,4003808.000000,App3_SENSOR_APP-5,1,
TRANSMITPACKET,35,52,4000960.000000,4003808.000000,App6_SENSOR_APP-5,1,
TRANSMITPACKET,60,52,4004160.000000,4007008.000000,App2_SENSOR_APP-5,1,
TRANSMITPACKET,68,65,4004288.000000,4007136.000000,App4_SENSOR_APP-5,1,
TRANSMITPACKET,50,39,4009728.000000,4012576.000000,App1_SENSOR_APP-5,0,
TRANSMITPACKET,39,101,4013856.000000,4016704.000000,App1_SENSOR_APP-5,0,
TRANSMITPACKET,50,92,5000640.000000,5003488.000000,App1_SENSOR_APP-6,0,
TRANSMITPACKET,60,45,5005120.000000,5007968.000000,App2_SENSOR_APP-6,0,
TRANSMITPACKET,68,73,5009600.000000,5012448.000000,App4_SENSOR_APP-6,0,
TRANSMITPACKET,73,101,5013728.000000,5016576.000000,App4_SENSOR_APP-6,0,
TRANSMITPACKET,92,101,5016928.000000,5019776.000000,App1_SENSOR_APP-6,0,
TRANSMITPACKET,19,12,5021760.000000,5024608.000000,App5_SENSOR_APP-6,0,
TRANSMITPACKET,35,12,5027840.000000,5030688.000000,App6_SENSOR_APP-6,0,
TRANSMITPACKET,12,101,5031329.000000,5034177.000000,App5_SENSOR_APP-6,0,
TRANSMITPACKET,12,101,5035138.000000,5037986.000000,App6_SENSOR_APP-6,0,
TRANSMITPACKET,19,12,6000960.000000,6003808.000000,App5_SENSOR_APP-7,1,
TRANSMITPACKET,68,73,6006400.000000,6009248.000000,App4_SENSOR_APP-7,0,
TRANSMITPACKET,74,66,6010560.000000,6013408.000000,App3_SENSOR_APP-7,0,
TRANSMITPACKET,66,101,6015328.000000,6018176.000000,App3_SENSOR_APP-7,0,
TRANSMITPACKET,60,45,6019520.000000,6022368.000000,App2_SENSOR_APP-7,0,
TRANSMITPACKET,45,101,6027168.000000,6030016.000000,App2_SENSOR_APP-7,0,
TRANSMITPACKET,50,92,6030400.000000,6033248.000000,App1_SENSOR_APP-7,0,
TRANSMITPACKET,92,101,6034208.000000,6037056.000000,App1_SENSOR_APP-7,0,
TRANSMITPACKET,60,45,7000640.000000,7003488.000000,App2_SENSOR_APP-8,1,
TRANSMITPACKET,19,12,7000640.000000,7003488.000000,App5_SENSOR_APP-8,1,
TRANSMITPACKET,35,12,7005248.000000,7008096.000000,App6_SENSOR_APP-8,0,
TRANSMITPACKET,74,66,7008640.000000,7011488.000000,App3_SENSOR_APP-8,0,
TRANSMITPACKET,50,92,7012800.000000,7015648.000000,App1_SENSOR_APP-8,0,
TRANSMITPACKET,12,101,7016736.000000,7019584.000000,App6_SENSOR_APP-8,0,
TRANSMITPACKET,92,101,7020768.000000,7023616.000000,App1_SENSOR_APP-8,0,
TRANSMITPACKET,66,101,7025248.000000,7028096.000000,App3_SENSOR_APP-8,0,
TRANSMITPACKET,19,12,8000640.000000,8003488.000000,App5_SENSOR_APP-9,0,
TRANSMITPACKET,74,66,8004480.000000,8007328.000000,App3_SENSOR_APP-9,0,
TRANSMITPACKET,50,92,8008128.000000,8010976.000000,App1_SENSOR_APP-9,0,
TRANSMITPACKET,66,101,8011488.000000,8014336.000000,App3_SENSOR_APP-9,1,
TRANSMITPACKET,60,45,8011520.000000,8014368.000000,App2_SENSOR_APP-9,1,
TRANSMITPACKET,92,101,8014816.000000,8017664.000000,App1_SENSOR_APP-9,0,
TRANSMITPACKET,12,101,8020128.000000,8022976.000000,App5_SENSOR_APP-9,0,
TRANSMITPACKET,68,73,8024960.000000,8027808.000000,App4_SENSOR_APP-9,0,
TRANSMITPACKET,73,101,8029728.000000,8032576.000000,App4_SENSOR_APP-9,0,
TRANSMITPACKET,35,12,9000320.000000,9003168.000000,App6_SENSOR_APP-10,0,
TRANSMITPACKET,60,45,9003520.000000,9006368.000000,App2_SENSOR_APP-10,0,
TRANSMITPACKET,68,73,9007040.000000,9009888.000000,App4_SENSOR_APP-10,0,
TRANSMITPACKET,73,101,9011168.000000,9014016.000000,App4_SENSOR_APP-10,0,
TRANSMITPACKET,74,66,9015040.000000,9017888.000000,App3_SENSOR_APP-10,0,
TRANSMITPACKET,45,101,9018528.000000,9021376.000000,App2_SENSOR_APP-10,0,
TRANSMITPACKET,66,101,9024928.000000,9027776.000000,App3_SENSOR_APP-10,0,
TRANSMITPACKET,19,101,10000640.000000,10003488.000000,App5_SENSOR_APP-11,0,
TRANSMITPACKET,50,92,10005120.000000,10007968.000000,App1_SENSOR_APP-11,1,
TRANSMITPACKET,35,83,10005120.000000,10007968.000000,App6_SENSOR_APP-11,1,
TRANSMITPACKET,60,2,10008960.000000,10011808.000000,App2_SENSOR_APP-11,0,
TRANSMITPACKET,68,78,10014080.000000,10016928.000000,App4_SENSOR_APP-11,0,
TRANSMITPACKET,78,101,10018528.000000,10021376.000000,App4_SENSOR_APP-11,1,
TRANSMITPACKET,74,62,10024000.000000,10026848.000000,App3_SENSOR_APP-11,0,
TRANSMITPACKET,62,101,10029408.000000,10032256.000000,App3_SENSOR_APP-11,0,
TRANSMITPACKET,68,78,11000320.000000,11003168.000000,App4_SENSOR_APP-12,1,
TRANSMITPACKET,35,83,11000320.000000,11003168.000000,App6_SENSOR_APP-12,1,
TRANSMITPACKET,74,62,11005440.000000,11008288.000000,App3_SENSOR_APP-12,0,
TRANSMITPACKET,62,101,11009568.000000,11012416.000000,App3_SENSOR_APP-12,0,
TRANSMITPACKET,50,92,11013440.000000,11016288.000000,App1_SENSOR_APP-12,1,
TRANSMITPACKET,19,101,11013568.000000,11016416.000000,App5_SENSOR_APP-12,1,
TRANSMITPACKET,60,2,11017600.000000,11020448.000000,App2_SENSOR_APP-12,0,
TRANSMITPACKET,2,101,11021728.000000,11024576.000000,App2_SENSOR_APP-12,0,
TRANSMITPACKET,68,78,12000640.000000,12003488.000000,App4_SENSOR_APP-13,1,
TRANSMITPACKET,19,101,12000640.000000,12003488.000000,App5_SENSOR_APP-13,1,
TRANSMITPACKET,50,92,12004480.000000,12007328.000000,App1_SENSOR_APP-13,0,
TRANSMITPACKET,92,101,12009888.000000,12012736.000000,App1_SENSOR_APP-13,0,
TRANSMITPACKET,74,62,12015040.000000,12017888.000000,App3_SENSOR_APP-13,0,
TRANSMITPACKET,60,2,12019520.000000,12022368.000000,App2_SENSOR_APP-13,0,
TRANSMITPACKET,2,101,12023008.000000,12025856.000000,App2_SENSOR_APP-13,0,
TRANSMITPACKET,62,101,12029728.000000,12032576.000000,App3_SENSOR_APP-13,0,
TRANSMITPACKET,35,83,13000320.000000,13003168.000000,App6_SENSOR_APP-14,0,
TRANSMITPACKET,74,62,13003520.000000,13006368.000000,App3_SENSOR_APP-14,0,
TRANSMITPACKET,62,101,13007328.000000,13010176.000000,App3_SENSOR_APP-14,0,
TRANSMITPACKET,83,101,13010528.000000,13013376.000000,App6_SENSOR_APP-14,0,
TRANSMITPACKET,60,2,13017280.000000,13020128.000000,App2_SENSOR_APP-14,0,
TRANSMITPACKET,19,101,13020800.000000,13023648.000000,App5_SENSOR_APP-14,0,
TRANSMITPACKET,2,101,13024608.000000,13027456.000000,App2_SENSOR_APP-14,0,
TRANSMITPACKET,50,92,14000320.000000,14003168.000000,App1_SENSOR_APP-15,1,
TRANSMITPACKET,74,62,14000320.000000,14003168.000000,App3_SENSOR_APP-15,1,
TRANSMITPACKET,35,83,14004480.000000,14007328.000000,App6_SENSOR_APP-15,0,
TRANSMITPACKET,83,101,14008288.000000,14011136.000000,App6_SENSOR_APP-15,1,
TRANSMITPACKET,60,2,14008320.000000,14011168.000000,App2_SENSOR_APP-15,1,
TRANSMITPACKET,19,101,14014080.000000,14016928.000000,App5_SENSOR_APP-15,0,
TRANSMITPACKET,68,78,14017920.000000,14020768.000000,App4_SENSOR_APP-15,0,
TRANSMITPACKET,78,101,14023328.000000,14026176.000000,App4_SENSOR_APP-15,0,
TRANSMITPACKET,50,92,15000640.000000,15003488.000000,App1_SENSOR_APP-16,1,
TRANSMITPACKET,60,101,15000640.000000,15003488.000000,App2_SENSOR_APP-16,1,
TRANSMITPACKET,74,85,15004288.000000,15007136.000000,App3_SENSOR_APP-16,0,
TRANSMITPACKET,85,101,15009696.000000,15012544.000000,App3_SENSOR_APP-16,0,
TRANSMITPACKET,35,24,15014080.000000,15016928.000000,App6_SENSOR_APP-16,0,
TRANSMITPACKET,19,18,15017280.000000,15020128.000000,App5_SENSOR_APP-16,0,
TRANSMITPACKET,18,101,15022688.000000,15025536.000000,App5_SENSOR_APP-16,0,
TRANSMITPACKET,24,101,15029088.000000,15031936.000000,App6_SENSOR_APP-16,0,
TRANSMITPACKET,74,85,16000320.000000,16003168.000000,App3_SENSOR_APP-17,1,
TRANSMITPACKET,35,24,16000320.000000,16003168.000000,App6_SENSOR_APP-17,1,
TRANSMITPACKET,50,92,16005760.000000,16008608.000000,App1_SENSOR_APP-17,0,
TRANSMITPACKET,60,101,16009920.000000,16012768.000000,App2_SENSOR_APP-17,0,
TRANSMITPACKET,68,97,16014848.000000,16017696.000000,App4_SENSOR_APP-17,0,
TRANSMITPACKET,97,101,16018976.000000,16021824.000000,App4_SENSOR_APP-17,0,
TRANSMITPACKET,92,101,16024288.000000,16027136.000000,App1_SENSOR_APP-17,0,
TRANSMITPACKET,35,24,17000320.000000,17003168.000000,App6_SENSOR_APP-18,0,
TRANSMITPACKET,19,18,17003520.000000,17006368.000000,App5_SENSOR_APP-18,0,
TRANSMITPACKET,74,85,17006720.000000,17009568.000000,App3_SENSOR_APP-18,0,
TRANSMITPACKET,85,101,17010528.000000,17013376.000000,App3_SENSOR_APP-18,1,
TRANSMITPACKET,50,92,17010688.000000,17013536.000000,App1_SENSOR_APP-18,1,
TRANSMITPACKET,24,101,17016608.000000,17019456.000000,App6_SENSOR_APP-18,0,
TRANSMITPACKET,60,101,17019840.000000,17022688.000000,App2_SENSOR_APP-18,0,
TRANSMITPACKET,18,101,17029216.000000,17032064.000000,App5_SENSOR_APP-18,0,
TRANSMITPACKET,19,18,18000320.000000,18003168.000000,App5_SENSOR_APP-19,0,
TRANSMITPACKET,68,97,18003520.000000,18006368.000000,App4_SENSOR_APP-19,0,
TRANSMITPACKET,18,101,18007648.000000,18010496.000000,App5_SENSOR_APP-19,0,
TRANSMITPACKET,60,101,18010880.000000,18013728.000000,App2_SENSOR_APP-19,0,
TRANSMITPACKET,50,92,18014080.000000,18016928.000000,App1_SENSOR_APP-19,0,
TRANSMITPACKET,74,85,18017920.000000,18020768.000000,App3_SENSOR_APP-19,0,
TRANSMITPACKET,85,101,18023008.000000,18025856.000000,App3_SENSOR_APP-19,0,
TRANSMITPACKET,92,101,18032608.000000,18035456.000000,App1_SENSOR_APP-19,0,
TRANSMITPACKET,50,92,19000320.000000,19003168.000000,App1_SENSOR_APP-20,0,
TRANSMITPACKET,60,101,19003840.000000,19006688.000000,App2_SENSOR_APP-20,0,
TRANSMITPACKET,19,18,19007360.000000,19010208.000000,App5_SENSOR_APP-20,0,
TRANSMITPACKET,18,101,19012128.000000,19014976.000000,App5_SENSOR_APP-20,0,
TRANSMITPACKET,74,85,19017920.000000,19020768.000000,App3_SENSOR_APP-20,0,
TRANSMITPACKET,35,24,19021120.000000,19023968.000000,App6_SENSOR_APP-20,0,
TRANSMITPACKET,24,101,19025888.000000,19028736.000000,App6_SENSOR_APP-20,1,
TRANSMITPACKET,68,97,19025920.000000,19028768.000000,App4_SENSOR_APP-20,1,
TRANSMITPACKET,85,101,19030368.000000,19033216.000000,App3_SENSOR_APP-20,0,
TRANSMITPACKET,60,91,20000640.000000,20003488.000000,App2_SENSOR_APP-21,0,
TRANSMITPACKET,50,25,20004800.000000,20007648.000000,App1_SENSOR_APP-21,0,
TRANSMITPACKET,25,101,20009568.000000,20012416.000000,App1_SENSOR_APP-21,0,
TRANSMITPACKET,19,52,20012800.000000,20015648.000000,App5_SENSOR_APP-21,0,
TRANSMITPACKET,52,101,20016608.000000,20019456.000000,App5_SENSOR_APP-21,0,
TRANSMITPACKET,68,101,20021568.000000,20024416.000000,App4_SENSOR_APP-21,0,
TRANSMITPACKET,60,91,21000640.000000,21003488.000000,App2_SENSOR_APP-22,0,
TRANSMITPACKET,91,101,21004128.000000,21006976.000000,App2_SENSOR_APP-22,0,
TRANSMITPACKET,68,101,21007360.000000,21010208.000000,App4_SENSOR_APP-22,0,
TRANSMITPACKET,74,1,21011200.000000,21014048.000000,App3_SENSOR_APP-22,0,
TRANSMITPACKET,1,101,21015008.000000,21017856.000000,App3_SENSOR_APP-22,0,
TRANSMITPACKET,19,52,21022080.000000,21024928.000000,App5_SENSOR_APP-22,0,
TRANSMITPACKET,52,101,21026208.000000,21029056.000000,App5_SENSOR_APP-22,0,
TRANSMITPACKET,60,91,22001280.000000,22004128.000000,App2_SENSOR_APP-23,1,
TRANSMITPACKET,19,52,22001280.000000,22004128.000000,App5_SENSOR_APP-23,1,
TRANSMITPACKET,74,1,22004800.000000,22007648.000000,App3_SENSOR_APP-23,0,
TRANSMITPACKET,1,101,22008608.000000,22011456.000000,App3_SENSOR_APP-23,0,
TRANSMITPACKET,50,25,22011968.000000,22014816.000000,App1_SENSOR_APP-23,0,
TRANSMITPACKET,68,101,22015680.000000,22018528.000000,App4_SENSOR_APP-23,1,
TRANSMITPACKET,60,91,23000640.000000,23003488.000000,App2_SENSOR_APP-24,0,
TRANSMITPACKET,35,52,23004800.000000,23007648.000000,App6_SENSOR_APP-24,0,
TRANSMITPACKET,19,52,23009280.000000,23012128.000000,App5_SENSOR_APP-24,0,
TRANSMITPACKET,91,101,23013856.000000,23016704.000000,App2_SENSOR_APP-24,0,
TRANSMITPACKET,52,101,23018337.000000,23021185.000000,App6_SENSOR_APP-24,0,
TRANSMITPACKET,52,101,23022466.000000,23025314.000000,App5_SENSOR_APP-24,0,
TRANSMITPACKET,60,91,24000640.000000,24003488.000000,App2_SENSOR_APP-25,1,
TRANSMITPACKET,19,52,24000640.000000,24003488.000000,App5_SENSOR_APP-25,1,
TRANSMITPACKET,50,25,24005120.000000,24007968.000000,App1_SENSOR_APP-25,0,
TRANSMITPACKET,35,52,24009728.000000,24012576.000000,App6_SENSOR_APP-25,1,
TRANSMITPACKET,25,101,24009888.000000,24012736.000000,App1_SENSOR_APP-25,1,
TRANSMITPACKET,74,1,24013120.000000,24015968.000000,App3_SENSOR_APP-25,0,
TRANSMITPACKET,1,101,24016608.000000,24019456.000000,App3_SENSOR_APP-25,0,
TRANSMITPACKET,68,101,24021760.000000,24024608.000000,App4_SENSOR_APP-25,0,
TRANSMITPACKET,50,67,25000320.000000,25003168.000000,App1_SENSOR_APP-26,1,
TRANSMITPACKET,74,101,25000320.000000,25003168.000000,App3_SENSOR_APP-26,1,
TRANSMITPACKET,68,46,25003520.000000,25006368.000000,App4_SENSOR_APP-26,1,
TRANSMITPACKET,35,3,25003520.000000,25006368.000000,App6_SENSOR_APP-26,1,
TRANSMITPACKET,60,67,25008000.000000,25010848.000000,App2_SENSOR_APP-26,0,
TRANSMITPACKET,67,101,25011488.000000,25014336.000000,App2_SENSOR_APP-26,0,
TRANSMITPACKET,19,101,25019840.000000,25022688.000000,App5_SENSOR_APP-26,0,
TRANSMITPACKET,60,67,26000640.000000,26003488.000000,App2_SENSOR_APP-27,1,
TRANSMITPACKET,19,101,26000640.000000,26003488.000000,App5_SENSOR_APP-27,1,
TRANSMITPACKET,35,3,26003968.000000,26006816.000000,App6_SENSOR_APP-27,0,
TRANSMITPACKET,3,101,26007776.000000,26010624.000000,App6_SENSOR_APP-27,0,
TRANSMITPACKET,50,67,26011520.000000,26014368.000000,App1_SENSOR_APP-27,0,
TRANSMITPACKET,74,101,26016000.000000,26018848.000000,App3_SENSOR_APP-27,0,
TRANSMITPACKET,67,101,26021728.000000,26024576.000000,App1_SENSOR_APP-27,0,
TRANSMITPACKET,60,67,27000320.000000,27003168.000000,App2_SENSOR_APP-28,0,
TRANSMITPACKET,19,101,27003968.000000,27006816.000000,App5_SENSOR_APP-28,0,
TRANSMITPACKET,74,101,27007808.000000,27010656.000000,App3_SENSOR_APP-28,0,
TRANSMITPACKET,35,3,27011200.000000,27014048.000000,App6_SENSOR_APP-28,0,
TRANSMITPACKET,3,101,27015008.000000,27017856.000000,App6_SENSOR_APP-28,0,
TRANSMITPACKET,50,67,27022400.000000,27025248.000000,App1_SENSOR_APP-28,0,
TRANSMITPACKET,67,101,27030048.000000,27032896.000000,App1_SENSOR_APP-28,0,
TRANSMITPACKET,50,67,28000640.000000,28003488.000000,App1_SENSOR_APP-29,1,
TRANSMITPACKET,68,46,28000640.000000,28003488.000000,App4_SENSOR_APP-29,1,
TRANSMITPACKET,19,101,28000640.000000,28003488.000000,App5_SENSOR_APP-29,1,
TRANSMITPACKET,35,3,28000640.000000,28003488.000000,App6_SENSOR_APP-29,1,
TRANSMITPACKET,74,101,28004480.000000,28007328.000000,App3_SENSOR_APP-29,0,
TRANSMITPACKET,60,67,28008000.000000,28010848.000000,App2_SENSOR_APP-29,0,
TRANSMITPACKET,67,101,28013408.000000,28016256.000000,App2_SENSOR_APP-29,0,
TRANSMITPACKET,68,46,29000320.000000,29003168.000000,App4_SENSOR_APP-30,0,
TRANSMITPACKET,50,67,29004160.000000,29007008.000000,App1_SENSOR_APP-30,1,
TRANSMITPACKET,35,3,29004160.000000,29007008.000000,App6_SENSOR_APP-30,1,
TRANSMITPACKET,19,101,29004160.000000,29007008.000000,App5_SENSOR_APP-30,1,
TRANSMITPACKET,74,101,29009600.000000,29012448.000000,App3_SENSOR_APP-30,0,
TRANSMITPACKET,60,67,29014400.000000,29017248.000000,App2_SENSOR_APP-30,0,
TRANSMITPACKET,46,101,29018848.000000,29021696.000000,App4_SENSOR_APP-30,0,
TRANSMITPACKET,67,101,29022176.000000,29025024.000000,App2_SENSOR_APP-30,0,
TRANSMITPACKET,35,58,30000320.000000,30003168.000000,App6_SENSOR_APP-31,0,
TRANSMITPACKET,19,58,30003840.000000,30006688.000000,App5_SENSOR_APP-31,1,
TRANSMITPACKET,60,101,30003840.000000,30006688.000000,App2_SENSOR_APP-31,1,
TRANSMITPACKET,74,98,30008320.000000,30011168.000000,App3_SENSOR_APP-31,0,
TRANSMITPACKET,68,48,30011840.000000,30014688.000000,App4_SENSOR_APP-31,0,
TRANSMITPACKET,48,101,30016288.000000,30019136.000000,App4_SENSOR_APP-31,0,
TRANSMITPACKET,58,101,30022049.000000,30024897.000000,App6_SENSOR_APP-31,0,
TRANSMITPACKET,98,101,30032928.000000,30035776.000000,App3_SENSOR_APP-31,0,
TRANSMITPACKET,60,101,31000960.000000,31003808.000000,App2_SENSOR_APP-32,0,
TRANSMITPACKET,35,58,31004480.000000,31007328.000000,App6_SENSOR_APP-32,0,
TRANSMITPACKET,50,8,31007680.000000,31010528.000000,App1_SENSOR_APP-32,0,
TRANSMITPACKET,68,48,31010880.000000,31013728.000000,App4_SENSOR_APP-32,0,
TRANSMITPACKET,48,101,31015008.000000,31017856.000000,App4_SENSOR_APP-32,0,
TRANSMITPACKET,8,101,31018528.000000,31021376.000000,App1_SENSOR_APP-32,0,
TRANSMITPACKET,58,101,31022688.000000,31025536.000000,App6_SENSOR_APP-32,0,
TRANSMITPACKET,50,8,32001280.000000,32004128.000000,App1_SENSOR_APP-33,0,
TRANSMITPACKET,19,58,32004928.000000,32007776.000000,App5_SENSOR_APP-33,0,
TRANSMITPACKET,74,98,32009920.000000,32012768.000000,App3_SENSOR_APP-33,1,
TRANSMITPACKET,58,101,32010016.000000,32012864.000000,App5_SENSOR_APP-33,1,
TRANSMITPACKET,8,101,32014688.000000,32017536.000000,App1_SENSOR_APP-33,0,
TRANSMITPACKET,35,58,32018368.000000,32021216.000000,App6_SENSOR_APP-33,0,
TRANSMITPACKET,68,48,32022400.000000,32025248.000000,App4_SENSOR_APP-33,1,
TRANSMITPACKET,58,101,32022496.000000,32025344.000000,App6_SENSOR_APP-33,1,
TRANSMITPACKET,60,101,33000320.000000,33003168.000000,App2_SENSOR_APP-34,0,
TRANSMITPACKET,35,58,33004480.000000,33007328.000000,App6_SENSOR_APP-34,1,
TRANSMITPACKET,74,98,33004480.000000,33007328.000000,App3_SENSOR_APP-34,1,
TRANSMITPACKET,19,58,33008768.000000,33011616.000000,App5_SENSOR_APP-34,0,
TRANSMITPACKET,68,48,33012160.000000,33015008.000000,App4_SENSOR_APP-34,1,
TRANSMITPACKET,58,101,33012256.000000,33015104.000000,App5_SENSOR_APP-34,1,
TRANSMITPACKET,50,8,33024768.000000,33027616.000000,App1_SENSOR_APP-34,0,
TRANSMITPACKET,8,101,33029856.000000,33032704.000000,App1_SENSOR_APP-34,0,
TRANSMITPACKET,60,101,34000320.000000,34003168.000000,App2_SENSOR_APP-35,1,
TRANSMITPACKET,35,58,34000320.000000,34003168.000000,App6_SENSOR_APP-35,1,
TRANSMITPACKET,50,8,34004480.000000,34007328.000000,App1_SENSOR_APP-35,0,
TRANSMITPACKET,8,101,34008928.000000,34011776.000000,App1_SENSOR_APP-35,0,
TRANSMITPACKET,74,98,34012480.000000,34015328.000000,App3_SENSOR_APP-35,0,
TRANSMITPACKET,19,58,34016320.000000,34019168.000000,App5_SENSOR_APP-35,1,
TRANSMITPACKET,68,48,34016320.000000,34019168.000000,App4_SENSOR_APP-35,1,
TRANSMITPACKET,98,101,34019808.000000,34022656.000000,App3_SENSOR_APP-35,0,
TRANSMITPACKET,68,101,35000640.000000,35003488.000000,App4_SENSOR_APP-36,0,
TRANSMITPACKET,60,101,35005440.000000,35008288.000000,App2_SENSOR_APP-36,1,
TRANSMITPACKET,35,7,35010560.000000,35013408.000000,App6_SENSOR_APP-36,0,
TRANSMITPACKET,19,7,35015680.000000,35018528.000000,App5_SENSOR_APP-36,0,
TRANSMITPACKET,7,101,35020449.000000,35023297.000000,App6_SENSOR_APP-36,0,
TRANSMITPACKET,7,101,35025538.000000,35028386.000000,App5_SENSOR_APP-36,0,
TRANSMITPACKET,60,101,36000320.000000,36003168.000000,App2_SENSOR_APP-37,0,
TRANSMITPACKET,35,7,36003840.000000,36006688.000000,App6_SENSOR_APP-37,0,
TRANSMITPACKET,7,101,36008288.000000,36011136.000000,App6_SENSOR_APP-37,0,
TRANSMITPACKET,50,101,36013440.000000,36016288.000000,App1_SENSOR_APP-37,0,
TRANSMITPACKET,19,7,36016640.000000,36019488.000000,App5_SENSOR_APP-37,0,
TRANSMITPACKET,7,101,36020448.000000,36023296.000000,App5_SENSOR_APP-37,0,
TRANSMITPACKET,74,62,36023680.000000,36026528.000000,App3_SENSOR_APP-37,0,
TRANSMITPACKET,62,101,36028448.000000,36031296.000000,App3_SENSOR_APP-37,0,
TRANSMITPACKET,19,7,37000640.000000,37003488.000000,App5_SENSOR_APP-38,1,
TRANSMITPACKET,60,101,37006720.000000,37009568.000000,App2_SENSOR_APP-38,0,
TRANSMITPACKET,74,62,37011328.000000,37014176.000000,App3_SENSOR_APP-38,0,
TRANSMITPACKET,62,101,37016096.000000,37018944.000000,App3_SENSOR_APP-38,0,
TRANSMITPACKET,50,101,37019840.000000,37022688.000000,App1_SENSOR_APP-38,0,
TRANSMITPACKET,60,101,38000960.000000,38003808.000000,App2_SENSOR_APP-39,1,
TRANSMITPACKET,35,7,38000960.000000,38003808.000000,App6_SENSOR_APP-39,1,
TRANSMITPACKET,19,7,38004480.000000,38007328.000000,App5_SENSOR_APP-39,0,
TRANSMITPACKET,50,101,38008000.000000,38010848.000000,App1_SENSOR_APP-39,0,
TRANSMITPACKET,74,62,38011328.000000,38014176.000000,App3_SENSOR_APP-39,0,
TRANSMITPACKET,68,101,38015680.000000,38018528.000000,App4_SENSOR_APP-39,0,
TRANSMITPACKET,7,101,38020128.000000,38022976.000000,App5_SENSOR_APP-39,1,
TRANSMITPACKET,60,101,39001280.000000,39004128.000000,App2_SENSOR_APP-40,1,
TRANSMITPACKET,74,62,39001280.000000,39004128.000000,App3_SENSOR_APP-40,1,
TRANSMITPACKET,68,101,39004480.000000,39007328.000000,App4_SENSOR_APP-40,0,
TRANSMITPACKET,50,101,39009280.000000,39012128.000000,App1_SENSOR_APP-40,0,
TRANSMITPACKET,35,7,39015808.000000,39018656.000000,App6_SENSOR_APP-40,0,
TRANSMITPACKET,7,101,39021216.000000,39024064.000000,App6_SENSOR_APP-40,0,
TRANSMITPACKET,19,7,39024960.000000,39027808.000000,App5_SENSOR_APP-40,0,
TRANSMITPACKET,7,101,39028448.000000,39031296.000000,App5_SENSOR_APP-40,0,
TRANSMITPACKET,35,101,40000640.000000,40003488.000000,App6_SENSOR_APP-41,0,
TRANSMITPACKET,60,89,40004160.000000,40007008.000000,App2_SENSOR_APP-41,0,
TRANSMITPACKET,68,5,40008000.000000,40010848.000000,App4_SENSOR_APP-41,0,
TRANSMITPACKET,19,88,40011200.000000,40014048.000000,App5_SENSOR_APP-41,0,
TRANSMITPACKET,5,101,40014496.000000,40017344.000000,App4_SENSOR_APP-41,0,
TRANSMITPACKET,89,101,40018208.000000,40021056.000000,App2_SENSOR_APP-41,0,
TRANSMITPACKET,88,101,40022048.000000,40024896.000000,App5_SENSOR_APP-41,0,
TRANSMITPACKET,74,95,41001280.000000,41004128.000000,App3_SENSOR_APP-42,1,
TRANSMITPACKET,19,88,41001280.000000,41004128.000000,App5_SENSOR_APP-42,1,
TRANSMITPACKET,60,89,41004480.000000,41007328.000000,App2_SENSOR_APP-42,0,
TRANSMITPACKET,89,101,41009248.000000,41012096.000000,App2_SENSOR_APP-42,0,
TRANSMITPACKET,50,89,41012608.000000,41015456.000000,App1_SENSOR_APP-42,0,
TRANSMITPACKET,35,101,41016768.000000,41019616.000000,App6_SENSOR_APP-42,0,
TRANSMITPACKET,89,101,41021856.000000,41024704.000000,App1_SENSOR_APP-42,0,
TRANSMITPACKET,50,89,42000640.000000,42003488.000000,App1_SENSOR_APP-43,0,
TRANSMITPACKET,35,101,42004160.000000,42007008.000000,App6_SENSOR_APP-43,0,
TRANSMITPACKET,19,88,42011200.000000,42014048.000000,App5_SENSOR_APP-43,0,
TRANSMITPACKET,68,5,42014400.000000,42017248.000000,App4_SENSOR_APP-43,0,
TRANSMITPACKET,5,101,42019168.000000,42022016.000000,App4_SENSOR_APP-43,1,
TRANSMITPACKET,60,89,42019200.000000,42022048.000000,App2_SENSOR_APP-43,1,
TRANSMITPACKET,89,101,42024289.000000,42027137.000000,App1_SENSOR_APP-43,0,
TRANSMITPACKET,88,101,42027616.000000,42030464.000000,App5_SENSOR_APP-43,0,
TRANSMITPACKET,35,101,43000320.000000,43003168.000000,App6_SENSOR_APP-44,0,
TRANSMITPACKET,60,89,43004480.000000,43007328.000000,App2_SENSOR_APP-44,0,
TRANSMITPACKET,19,88,43008768.000000,43011616.000000,App5_SENSOR_APP-44,0,
TRANSMITPACKET,68,5,43012160.000000,43015008.000000,App4_SENSOR_APP-44,0,
TRANSMITPACKET,74,95,43015360.000000,43018208.000000,App3_SENSOR_APP-44,0,
TRANSMITPACKET,88,101,43019296.000000,43022144.000000,App5_SENSOR_APP-44,0,
TRANSMITPACKET,89,101,43023328.000000,43026176.000000,App2_SENSOR_APP-44,0,
TRANSMITPACKET,95,101,43026656.000000,43029504.000000,App3_SENSOR_APP-44,0,
TRANSMITPACKET,50,89,43031040.000000,43033888.000000,App1_SENSOR_APP-44,0,
TRANSMITPACKET,5,101,43034528.000000,43037376.000000,App4_SENSOR_APP-44,0,
TRANSMITPACKET,89,101,43043168.000000,43046016.000000,App1_SENSOR_APP-44,0,
TRANSMITPACKET,68,5,44000320.000000,44003168.000000,App4_SENSOR_APP-45,0,
TRANSMITPACKET,5,101,44005088.000000,44007936.000000,App4_SENSOR_APP-45,0,
TRANSMITPACKET,60,89,44008960.000000,44011808.000000,App2_SENSOR_APP-45,0,
TRANSMITPACKET,89,101,44012448.000000,44015296.000000,App2_SENSOR_APP-45,0,
TRANSMITPACKET,19,88,44016640.000000,44019488.000000,App5_SENSOR_APP-45,0,
TRANSMITPACKET,88,101,44020128.000000,44022976.000000,App5_SENSOR_APP-45,0,
TRANSMITPACKET,74,94,45000960.000000,45003808.000000,App3_SENSOR_APP-46,0,
TRANSMITPACKET,94,101,45005408.000000,45008256.000000,App3_SENSOR_APP-46,1,
TRANSMITPACKET,50,69,45005440.000000,45008288.000000,App1_SENSOR_APP-46,1,
TRANSMITPACKET,35,90,45008640.000000,45011488.000000,App6_SENSOR_APP-46,0,
TRANSMITPACKET,90,101,45012768.000000,45015616.000000,App6_SENSOR_APP-46,0,
TRANSMITPACKET,19,7,45016640.000000,45019488.000000,App5_SENSOR_APP-46,0,
TRANSMITPACKET,7,101,45021408.000000,45024256.000000,App5_SENSOR_APP-46,0,
TRANSMITPACKET,50,69,46000320.000000,46003168.000000,App1_SENSOR_APP-47,1,
TRANSMITPACKET,68,101,46000320.000000,46003168.000000,App4_SENSOR_APP-47,1,
TRANSMITPACKET,35,90,46003968.000000,46006816.000000,App6_SENSOR_APP-47,0,
TRANSMITPACKET,90,101,46008736.000000,46011584.000000,App6_SENSOR_APP-47,0,
TRANSMITPACKET,60,101,46012480.000000,46015328.000000,App2_SENSOR_APP-47,0,
TRANSMITPACKET,19,7,46016000.000000,46018848.000000,App5_SENSOR_APP-47,0,
TRANSMITPACKET,7,101,46020768.000000,46023616.000000,App5_SENSOR_APP-47,0,
TRANSMITPACKET,74,94,46026688.000000,46029536.000000,App3_SENSOR_APP-47,0,
TRANSMITPACKET,94,101,46030176.000000,46033024.000000,App3_SENSOR_APP-47,0,
TRANSMITPACKET,19,7,47000320.000000,47003168.000000,App5_SENSOR_APP-48,0,
TRANSMITPACKET,60,101,47003520.000000,47006368.000000,App2_SENSOR_APP-48,0,
TRANSMITPACKET,74,94,47008768.000000,47011616.000000,App3_SENSOR_APP-48,0,
TRANSMITPACKET,94,101,47012576.000000,47015424.000000,App3_SENSOR_APP-48,0,
TRANSMITPACKET,7,101,47015968.000000,47018816.000000,App5_SENSOR_APP-48,1,
TRANSMITPACKET,50,69,47021440.000000,47024288.000000,App1_SENSOR_APP-48,0,
TRANSMITPACKET,69,101,47025248.000000,47028096.000000,App1_SENSOR_APP-48,0,
TRANSMITPACKET,19,7,48000320.000000,48003168.000000,App5_SENSOR_APP-49,0,
TRANSMITPACKET,74,94,48003520.000000,48006368.000000,App3_SENSOR_APP-49,0,
TRANSMITPACKET,94,101,48007008.000000,48009856.000000,App3_SENSOR_APP-49,1,
TRANSMITPACKET,7,101,48012128.000000,48014976.000000,App5_SENSOR_APP-49,0,
TRANSMITPACKET,50,69,48016320.000000,48019168.000000,App1_SENSOR_APP-49,0,
TRANSMITPACKET,69,101,48021088.000000,48023936.000000,App1_SENSOR_APP-49,0,
TRANSMITPACKET,68,101,48024640.000000,48027488.000000,App4_SENSOR_APP-49,0,
TRANSMITPACKET,50,69,49000320.000000,49003168.000000,App1_SENSOR_APP-50,0,
TRANSMITPACKET,69,101,49004768.000000,49007616.000000,App1_SENSOR_APP-50,0,
TRANSMITPACKET,35,90,49008320.000000,49011168.000000,App6_SENSOR_APP-50,0,
TRANSMITPACKET,60,101,49012480.000000,49015328.000000,App2_SENSOR_APP-50,0,
TRANSMITPACKET,74,94,49016000.000000,49018848.000000,App3_SENSOR_APP-50,0,
TRANSMITPACKET,94,101,49019808.000000,49022656.000000,App3_SENSOR_APP-50,0,
TRANSMITPACKET,19,7,49026560.000000,49029408.000000,App5_SENSOR_APP-50,0,
TRANSMITPACKET,7,101,49031008.000000,49033856.000000,App5_SENSOR_APP-50,0,
TRANSMITPACKET,60,54,50000320.000000,50003168.000000,App2_SENSOR_APP-51,1,
TRANSMITPACKET,68,51,50000320.000000,50003168.000000,App4_SENSOR_APP-51,1,
TRANSMITPACKET,35,101,50004288.000000,50007136.000000,App6_SENSOR_APP-51,0,
TRANSMITPACKET,50,89,50011008.000000,50013856.000000,App1_SENSOR_APP-51,0,
TRANSMITPACKET,74,80,50015680.000000,50018528.000000,App3_SENSOR_APP-51,0,
TRANSMITPACKET,89,101,50018976.000000,50021824.000000,App1_SENSOR_APP-51,0,
TRANSMITPACKET,80,101,50027168.000000,50030016.000000,App3_SENSOR_APP-51,0,
TRANSMITPACKET,50,89,51000320.000000,51003168.000000,App1_SENSOR_APP-52,0,
TRANSMITPACKET,74,80,51004480.000000,51007328.000000,App3_SENSOR_APP-52,0,
TRANSMITPACKET,60,54,51007680.000000,51010528.000000,App2_SENSOR_APP-52,0,
TRANSMITPACKET,80,101,51011168.000000,51014016.000000,App3_SENSOR_APP-52,1,
TRANSMITPACKET,89,101,51015968.000000,51018816.000000,App1_SENSOR_APP-52,0,
TRANSMITPACKET,50,89,52000320.000000,52003168.000000,App1_SENSOR_APP-53,0,
TRANSMITPACKET,68,51,52003968.000000,52006816.000000,App4_SENSOR_APP-53,0,
TRANSMITPACKET,19,35,52007360.000000,52010208.000000,App5_SENSOR_APP-53,0,
TRANSMITPACKET,60,54,52011520.000000,52014368.000000,App2_SENSOR_APP-53,1,
TRANSMITPACKET,74,80,52011520.000000,52014368.000000,App3_SENSOR_APP-53,1,
TRANSMITPACKET,51,101,52014816.000000,52017664.000000,App4_SENSOR_APP-53,0,
TRANSMITPACKET,89,101,52021728.000000,52024576.000000,App1_SENSOR_APP-53,0,
TRANSMITPACKET,35,101,52026017.000000,52028865.000000,App6_SENSOR_APP-53,0,
TRANSMITPACKET,35,101,52030466.000000,52033314.000000,App5_SENSOR_APP-53,0,
TRANSMITPACKET,50,89,53001280.000000,53004128.000000,App1_SENSOR_APP-54,1,
TRANSMITPACKET,19,35,53001280.000000,53004128.000000,App5_SENSOR_APP-54,1,
TRANSMITPACKET,68,51,53004800.000000,53007648.000000,App4_SENSOR_APP-54,1,
TRANSMITPACKET,60,54,53004928.000000,53007776.000000,App2_SENSOR_APP-54,1,
TRANSMITPACKET,35,101,53009249.000000,53012097.000000,App6_SENSOR_APP-54,0,
TRANSMITPACKET,74,80,53016320.000000,53019168.000000,App3_SENSOR_APP-54,0,
TRANSMITPACKET,80,101,53019808.000000,53022656.000000,App3_SENSOR_APP-54,0,
TRANSMITPACKET,68,51,54000320.000000,54003168.000000,App4_SENSOR_APP-55,1,
TRANSMITPACKET,35,101,54000320.000000,54003168.000000,App6_SENSOR_APP-55,1,
TRANSMITPACKET,74,80,54004480.000000,54007328.000000,App3_SENSOR_APP-55,0,
TRANSMITPACKET,80,101,54008288.000000,54011136.000000,App3_SENSOR_APP-55,0,
TRANSMITPACKET,50,89,54012288.000000,54015136.000000,App1_SENSOR_APP-55,0,
TRANSMITPACKET,89,101,54016416.000000,54019264.000000,App1_SENSOR_APP-55,0,
TRANSMITPACKET,60,54,54021440.000000,54024288.000000,App2_SENSOR_APP-55,0,
TRANSMITPACKET,54,101,54026208.000000,54029056.000000,App2_SENSOR_APP-55,0,
TRANSMITPACKET,50,63,55000320.000000,55003168.000000,App1_SENSOR_APP-56,0,
TRANSMITPACKET,68,84,55003520.000000,55006368.000000,App4_SENSOR_APP-56,0,
TRANSMITPACKET,60,2,55007360.000000,55010208.000000,App2_SENSOR_APP-56,0,
TRANSMITPACKET,19,18,55010560.000000,55013408.000000,App5_SENSOR_APP-56,0,
TRANSMITPACKET,18,101,55014368.000000,55017216.000000,App5_SENSOR_APP-56,0,
TRANSMITPACKET,84,101,55017888.000000,55020736.000000,App4_SENSOR_APP-56,1,
TRANSMITPACKET,74,95,55021760.000000,55024608.000000,App3_SENSOR_APP-56,0,
TRANSMITPACKET,95,101,55025248.000000,55028096.000000,App3_SENSOR_APP-56,0,
TRANSMITPACKET,35,101,55029120.000000,55031968.000000,App6_SENSOR_APP-56,0,
TRANSMITPACKET,68,84,56000960.000000,56003808.000000,App4_SENSOR_APP-57,0,
TRANSMITPACKET,19,18,56004160.000000,56007008.000000,App5_SENSOR_APP-57,0,
TRANSMITPACKET,60,2,56007680.000000,56010528.000000,App2_SENSOR_APP-57,0,
TRANSMITPACKET,35,101,56012928.000000,56015776.000000,App6_SENSOR_APP-57,1,
TRANSMITPACKET,84,101,56016288.000000,56019136.000000,App4_SENSOR_APP-57,1,
TRANSMITPACKET,74,95,56020480.000000,56023328.000000,App3_SENSOR_APP-57,0,
TRANSMITPACKET,95,101,56025568.000000,56028416.000000,App3_SENSOR_APP-57,0,
TRANSMITPACKET,60,2,57000640.000000,57003488.000000,App2_SENSOR_APP-58,1,
TRANSMITPACKET,74,95,57000640.000000,57003488.000000,App3_SENSOR_APP-58,1,
TRANSMITPACKET,68,84,57004160.000000,57007008.000000,App4_SENSOR_APP-58,0,
TRANSMITPACKET,84,101,57008608.000000,57011456.000000,App4_SENSOR_APP-58,1,
TRANSMITPACKET,50,63,57012608.000000,57015456.000000,App1_SENSOR_APP-58,0,
TRANSMITPACKET,19,18,57017280.000000,57020128.000000,App5_SENSOR_APP-58,1,
TRANSMITPACKET,63,101,57017376.000000,57020224.000000,App1_SENSOR_APP-58,1,
TRANSMITPACKET,60,2,58000320.000000,58003168.000000,App2_SENSOR_APP-59,1,
TRANSMITPACKET,74,95,58000320.000000,58003168.000000,App3_SENSOR_APP-59,1,
TRANSMITPACKET,19,18,58004800.000000,58007648.000000,App5_SENSOR_APP-59,0,
TRANSMITPACKET,18,101,58009248.000000,58012096.000000,App5_SENSOR_APP-59,0,
TRANSMITPACKET,50,63,58012800.000000,58015648.000000,App1_SENSOR_APP-59,0,
TRANSMITPACKET,63,101,58016288.000000,58019136.000000,App1_SENSOR_APP-59,0,
TRANSMITPACKET,35,101,58022720.000000,58025568.000000,App6_SENSOR_APP-59,0,
TRANSMITPACKET,19,18,59000320.000000,59003168.000000,App5_SENSOR_APP-60,0,
TRANSMITPACKET,60,2,59004160.000000,59007008.000000,App2_SENSOR_APP-60,0,
TRANSMITPACKET,50,63,59007680.000000,59010528.000000,App1_SENSOR_APP-60,0,
TRANSMITPACKET,18,101,59011168.000000,59014016.000000,App5_SENSOR_APP-60,0,
TRANSMITPACKET,63,101,59014496.000000,59017344.000000,App1_SENSOR_APP-60,1,
TRANSMITPACKET,68,84,59014528.000000,59017376.000000,App4_SENSOR_APP-60,1,
TRANSMITPACKET,74,95,59017920.000000,59020768.000000,App3_SENSOR_APP-60,1,
TRANSMITPACKET,35,101,59017920.000000,59020768.000000,App6_SENSOR_APP-60,1,
TRANSMITPACKET,2,101,59027488.000000,59030336.000000,App2_SENSOR_APP-60,0,
TRANSMITPACKET,19,24,60000320.000000,60003168.000000,App5_SENSOR_APP-61,0,
TRANSMITPACKET,24,101,60003808.000000,60006656.000000,App5_SENSOR_APP-61,0,
TRANSMITPACKET,74,9,60009280.000000,60012128.000000,App3_SENSOR_APP-61,0,
TRANSMITPACKET,9,101,60012768.000000,60015616.000000,App3_SENSOR_APP-61,1,
TRANSMITPACKET,50,8,60012800.000000,60015648.000000,App1_SENSOR_APP-61,1,
TRANSMITPACKET,60,8,60016448.000000,60019296.000000,App2_SENSOR_APP-61,0,
TRANSMITPACKET,35,24,60021120.000000,60023968.000000,App6_SENSOR_APP-61,0,
TRANSMITPACKET,24,101,60024928.000000,60027776.000000,App6_SENSOR_APP-61,0,
TRANSMITPACKET,8,101,60030176.000000,60033024.000000,App2_SENSOR_APP-61,0,
TRANSMITPACKET,50,8,61000320.000000,61003168.000000,App1_SENSOR_APP-62,1,
TRANSMITPACKET,19,24,61000320.000000,61003168.000000,App5_SENSOR_APP-62,1,
TRANSMITPACKET,60,8,61006080.000000,61008928.000000,App2_SENSOR_APP-62,0,
TRANSMITPACKET,68,56,61009280.000000,61012128.000000,App4_SENSOR_APP-62,1,
TRANSMITPACKET,35,24,61009280.000000,61012128.000000,App6_SENSOR_APP-62,1,
TRANSMITPACKET,74,9,61013120.000000,61015968.000000,App3_SENSOR_APP-62,0,
TRANSMITPACKET,9,101,61016608.000000,61019456.000000,App3_SENSOR_APP-62,0,
TRANSMITPACKET,8,101,61022688.000000,61025536.000000,App2_SENSOR_APP-62,0,
TRANSMITPACKET,35,24,62000320.000000,62003168.000000,App6_SENSOR_APP-63,0,
TRANSMITPACKET,50,8,62004160.000000,62007008.000000,App1_SENSOR_APP-63,0,
TRANSMITPACKET,24,101,62008608.000000,62011456.000000,App6_SENSOR_APP-63,1,
TRANSMITPACKET,60,8,62008640.000000,62011488.000000,App2_SENSOR_APP-63,1,
TRANSMITPACKET,19,24,62011840.000000,62014688.000000,App5_SENSOR_APP-63,0,
TRANSMITPACKET,74,9,62015360.000000,62018208.000000,App3_SENSOR_APP-63,0,
TRANSMITPACKET,9,101,62020128.000000,62022976.000000,App3_SENSOR_APP-63,0,
TRANSMITPACKET,8,101,62023329.000000,62026177.000000,App1_SENSOR_APP-63,0,
TRANSMITPACKET,24,101,62027168.000000,62030016.000000,App5_SENSOR_APP-63,0,
TRANSMITPACKET,60,8,63000320.000000,63003168.000000,App2_SENSOR_APP-64,1,
TRANSMITPACKET,35,24,63000320.000000,63003168.000000,App6_SENSOR_APP-64,1,
TRANSMITPACKET,19,24,63004160.000000,63007008.000000,App5_SENSOR_APP-64,0,
TRANSMITPACKET,50,8,63007360.000000,63010208.000000,App1_SENSOR_APP-64,0,
TRANSMITPACKET,74,9,63010880.000000,63013728.000000,App3_SENSOR_APP-64,0,
TRANSMITPACKET,9,101,63014368.000000,63017216.000000,App3_SENSOR_APP-64,1,
TRANSMITPACKET,68,56,63014400.000000,63017248.000000,App4_SENSOR_APP-64,1,
TRANSMITPACKET,24,101,63024096.000000,63026944.000000,App5_SENSOR_APP-64,0,
TRANSMITPACKET,60,8,64001600.000000,64004448.000000,App2_SENSOR_APP-65,0,
TRANSMITPACKET,68,56,64005440.000000,64008288.000000,App4_SENSOR_APP-65,0,
TRANSMITPACKET,74,9,64008960.000000,64011808.000000,App3_SENSOR_APP-65,0,
TRANSMITPACKET,56,101,64012448.000000,64015296.000000,App4_SENSOR_APP-65,0,
TRANSMITPACKET,19,24,64017088.000000,64019936.000000,App5_SENSOR_APP-65,0,
TRANSMITPACKET,24,101,64020576.000000,64023424.000000,App5_SENSOR_APP-65,0,
TRANSMITPACKET,8,101,64024928.000000,64027776.000000,App2_SENSOR_APP-65,0,
TRANSMITPACKET,9,101,64029088.000000,64031936.000000,App3_SENSOR_APP-65,0,
TRANSMITPACKET,60,53,6500